EP042021,           CARLOS,     14,
20210602, 0600,  , LO, 08.60N, 101.70W,  25,  ,    0,    0,    0,    0,    0,    0,    0,    0,    0,    0,    0,    0, KHAN,
20210602, 1200,  , LO, 08.30N, 102.40W,  25,  ,    0,    0,    0,    0,    0,    0,    0,    0,    0,    0,    0,    0, KHAN,
20210602, 1800,  , LO, 08.10N, 103.20W,  25,  ,    0,    0,    0,    0,    0,    0,    0,    0,    0,    0,    0,    0, KHAN,
20210603, 0000,  , LO, 08.80N, 104.20W,  25,  ,    0,    0,    0,    0,    0,    0,    0,    0,    0,    0,    0,    0, KHAN,
20210603, 0600,  , LO, 09.60N, 105.10W,  25,  ,    0,    0,    0,    0,    0,    0,    0,    0,    0,    0,    0,    0, KHAN,
20210603, 1200,  , LO, 10.10N, 105.50W,  25,  ,    0,    0,    0,    0,    0,    0,    0,    0,    0,    0,    0,    0, KHAN,
20210603, 1800,  , LO, 10.60N, 105.50W,  25,  ,    0,    0,    0,    0,    0,    0,    0,    0,    0,    0,    0,    0, KHAN,
20210604, 0000,  , LO, 11.20N, 105.70W,  25,  ,    0,    0,    0,    0,    0,    0,    0,    0,    0,    0,    0,    0, KHAN,
20210604, 0600,  , LO, 11.70N, 106.40W,  25,  ,    0,    0,    0,    0,    0,    0,    0,    0,    0,    0,    0,    0, KHAN,
20210604, 1200,  , LO, 12.00N, 106.60W,  25,  ,    0,    0,    0,    0,    0,    0,    0,    0,    0,    0,    0,    0, KHAN,
20210604, 1800,  , LO, 12.20N, 106.80W,  25,  ,    0,    0,    0,    0,    0,    0,    0,    0,    0,    0,    0,    0, KHAN,
20210605, 0000,  , LO, 12.40N, 107.00W,  25,  ,    0,    0,    0,    0,    0,    0,    0,    0,    0,    0,    0,    0, KHAN,
20210605, 0600,  , LO, 12.70N, 107.60W,  25,  ,    0,    0,    0,    0,    0,    0,    0,    0,    0,    0,    0,    0, KHAN,
20210605, 1200,  , LO, 12.80N, 107.90W,  25,  ,    0,    0,    0,    0,    0,    0,    0,    0,    0,    0,    0,    0, KHAN,
20210605, 1800,  , LO, 12.90N, 107.90W,  25,  ,    0,    0,    0,    0,    0,    0,    0,    0,    0,    0,    0,    0, KHAN,
20210606, 0000,  , LO, 13.00N, 107.90W,  25,  ,    0,    0,    0,    0,    0,    0,    0,    0,    0,    0,    0,    0, KHAN,
20210606, 0600,  , LO, 13.00N, 108.00W,  25,  ,    0,    0,    0,    0,    0,    0,    0,    0,    0,    0,    0,    0, KHAN,
20210606, 1200,  , LO, 13.00N, 108.20W,  25,  ,    0,    0,    0,    0,    0,    0,    0,    0,    0,    0,    0,    0, KHAN,
20210606, 1800,  , LO, 13.10N, 108.70W,  25,  ,    0,    0,    0,    0,    0,    0,    0,    0,    0,    0,    0,    0, KHAN,
20210607, 0000,  , LO, 13.10N, 109.50W,  25,  ,    0,    0,    0,    0,    0,    0,    0,    0,    0,    0,    0,    0, KHAN,
20210607, 0600,  , LO, 13.10N, 109.80W,  25  ,    0,    0,    0,    0,    0,    0,    0,    0,    0,    0,    0,    0, KHAN,
20210607, 1200,  , LO, 13.10N, 110.20W,  25  ,    0,    0,    0,    0,    0,    0,    0,    0,    0,    0,    0,    0, KHAN,
20210607, 1800,  , LO, 13.00N, 110.30W,  25,  ,    0,    0,    0,    0,    0,    0,    0,    0,    0,    0,    0,    0, KHAN,
20210608, 0000,  , LO, 12.90N, 110.50W,  25,  ,    0,    0,    0,    0,    0,    0,    0,    0,    0,    0,    0,    0, KHAN,
20210608, 0600,  , LO, 12.60N, 110.70W,  25,  ,    0,    0,    0,    0,    0,    0,    0,    0,    0,    0,    0,    0, KHAN,
20210608, 1200,  , LO, 12.40N, 111.00W,  25,  ,    0,    0,    0,    0,    0,    0,    0,    0,    0,    0,    0,    0, KHAN,
20210608, 1800,  , LO, 12.40N, 111.70W,  25,  ,    0,    0,    0,    0,    0,    0,    0,    0,    0,    0,    0,    0, KHAN,
20210609, 0000,  , LO, 12.30N, 112.20W,  25,  ,    0,    0,    0,    0,    0,    0,    0,    0,    0,    0,    0,    0, KHAN,
20210609, 0600,  , LO, 12.20N, 112.70W,  25,  ,    0,    0,    0,    0,    0,    0,    0,    0,    0,    0,    0,    0, KHAN,
20210609, 1200,  , LO, 12.00N, 113.20W,  25,  ,    0,    0,    0,    0,    0,    0,    0,    0,    0,    0,    0,    0, KHAN,
20210609, 1800,  , LO, 11.80N, 113.70W,  25,  ,    0,    0,    0,    0,    0,    0,    0,    0,    0,    0,    0,    0, KHAN,
20210610, 0000,  , LO, 11.60N, 114.10W,  25,  ,    0,    0,    0,    0,    0,    0,    0,    0,    0,    0,    0,    0, KHAN,
20210610, 0600,  , LO, 11.60N, 114.10W,  25,  ,    0,    0,    0,    0,    0,    0,    0,    0,    0,    0,    0,    0, KHAN,
20210610, 1200,  , LO, 11.40N, 115.40W,  25,  ,    0,    0,    0,    0,    0,    0,    0,    0,    0,    0,    0,    0, KHAN,
20210610, 1800,  , LO, 11.30N, 116.30W,  25,  ,    0,    0,    0,    0,    0,    0,    0,    0,    0,    0,    0,    0, KHAN,
20210611, 0000,  , LO, 11.10N, 117.00W,  25,  ,    0,    0,    0,    0,    0,    0,    0,    0,    0,    0,    0,    0, KHAN,
20210611, 0600,  , LO, 11.00N, 118.20W,  25,  ,    0,    0,    0,    0,    0,    0,    0,    0,    0,    0,    0,    0, KHAN,
20210611, 1200,  , LO, 11.00N, 118.80W,  25,  ,    0,    0,    0,    0,    0,    0,    0,    0,    0,    0,    0,    0, KHAN,
20210611, 1800,  , LO, 11.10N, 119.40W,  25,  ,    0,    0,    0,    0,    0,    0,    0,    0,    0,    0,    0,    0, KHAN,
20210612, 0000,  , LO, 11.20N, 120.30W,  25,  ,    0,    0,    0,    0,    0,    0,    0,    0,    0,    0,    0,    0, KHAN,
20210612, 0600,  , LO, 11.20N, 121.30W,  25,  ,    0,    0,    0,    0,    0,    0,    0,    0,    0,    0,    0,    0, KHAN,
20210612, 1200,  , LO, 11.60N, 122.20W,  25,  ,    0,    0,    0,    0,    0,    0,    0,    0,    0,    0,    0,    0, KHAN,
20210612, 1800,  , TD, 11.80N, 123.30W,  30,  ,    0,    0,    0,    0,    0,    0,    0,    0,    0,    0,    0,    0, KHAN,
20210613, 0000,  , TS, 11.90N, 124.30W,  35,  ,    0,    0,    0,    0,    0,    0,    0,    0,    0,    0,    0,    0, KHAN,
20210613, 0600,  , TS, 11.90N, 125.10W,  40,  ,    0,    0,    0,    0,    0,    0,    0,    0,    0,    0,    0,    0, KHAN,
20210613, 1200,  , TS, 11.80N, 125.70W,  45,  ,    0,    0,    0,    0,    0,    0,    0,    0,    0,    0,    0,    0, KHAN,
20210613, 1800,  , TS, 11.70N, 126.30W,  45,  ,    0,    0,    0,    0,    0,    0,    0,    0,    0,    0,    0,    0, KHAN,
20210614, 0000,  , TS, 11.60N, 126.90W,  40,  ,    0,    0,    0,    0,    0,    0,    0,    0,    0,    0,    0,    0, KHAN,
20210614, 0600,  , TS, 11.50N, 127.60W,  35,  ,    0,    0,    0,    0,    0,    0,    0,    0,    0,    0,    0,    0, KHAN,
20210614, 1200,  , TS, 11.20N, 128.50W,  35,  ,    0,    0,    0,    0,    0,    0,    0,    0,    0,    0,    0,    0, KHAN,
20210614, 1800,  , TD, 11.00N, 129.60W,  30,  ,    0,    0,    0,    0,    0,    0,    0,    0,    0,    0,    0,    0, KHAN,
20210615, 0000,  , TD, 10.60N, 130.40W,  30,  ,    0,    0,    0,    0,    0,    0,    0,    0,    0,    0,    0,    0, KHAN,
20210615, 0600,  , TD, 10.20N, 131.30W,  30,  ,    0,    0,    0,    0,    0,    0,    0,    0,    0,    0,    0,    0, KHAN,
20210615, 1200,  , TD, 10.00N, 132.20W,  30,  ,    0,    0,    0,    0,    0,    0,    0,    0,    0,    0,    0,    0, KHAN,
20210615, 1800,  , TD, 09.90N, 133.10W,  30,  ,    0,    0,    0,    0,    0,    0,    0,    0,    0,    0,    0,    0, KHAN,
20210616, 0000,  , TD, 09.60N, 133.90W,  30,  ,    0,    0,    0,    0,    0,    0,    0,    0,    0,    0,    0,    0, KHAN,
20210616, 0600,  , TD, 09.20N, 134.50W,  30,  ,    0,    0,    0,    0,    0,    0,    0,    0,    0,    0,    0,    0, KHAN,
20210616, 1200,  , LO, 08.70N, 135.00W,  30,  ,    0,    0,    0,    0,    0,    0,    0,    0,    0,    0,    0,    0, KHAN,
20210616, 1800,  , LO, 08.60N, 135.60W,  30,  ,    0,    0,    0,    0,    0,    0,    0,    0,    0,    0,    0,    0, KHAN,
20210617, 0000,  , LO, 08.60N, 135.20W,  30,  ,    0,    0,    0,    0,    0,    0,    0,    0,    0,    0,    0,    0, KHAN,
20210617, 0600,  , LO, 08.60N, 136.80W,  30,  ,    0,    0,    0,    0,    0,    0,    0,    0,    0,    0,    0,    0, KHAN,
20210617, 1200,  , LO, 08.70N, 137.40W,  30,  ,    0,    0,    0,    0,    0,    0,    0,    0,    0,    0,    0,    0, KHAN,
EP042021,           CARLOS,     14,
