EP, 04, 2021061606,   , BEST,   0, 133N,  954W,  15, 1009, DB,   0,    ,    0,    0,    0,    0,    0,    0,   0,   0,   0,   E,   0,    ,   0,   0, GENESIS007,  ,  0,    ,    0,    0,    0,    0, genesis-num, 007, 
EP, 04, 2021061612,   , BEST,   0, 133N,  961W,  15, 1009, DB,   0,    ,    0,    0,    0,    0,    0,    0,   0,   0,   0,   E,   0,    ,   0,   0, GENESIS007,  ,  0,    ,    0,    0,    0,    0, genesis-num, 007, 
EP, 04, 2021061618,   , BEST,   0, 134N,  968W,  15, 1009, DB,   0,    ,    0,    0,    0,    0,    0,    0,   0,   0,   0,   E,   0,    ,   0,   0, GENESIS007,  ,  0,    ,    0,    0,    0,    0, genesis-num, 007, 
EP, 04, 2021061700,   , BEST,   0, 135N,  975W,  20, 1009, DB,   0,    ,    0,    0,    0,    0,    0,    0,   0,   0,   0,   E,   0,    ,   0,   0, GENESIS007,  ,  0,    ,    0,    0,    0,    0, genesis-num, 007, 
EP, 04, 2021061706,   , BEST,   0, 137N,  982W,  20, 1009, DB,   0,    ,    0,    0,    0,    0, 1011,  130,  80,   0,   0,   E,   0,    ,   0,   0,     INVEST, S,  0,    ,    0,    0,    0,    0, genesis-num, 007, SPAWNINVEST, ep772021 to ep942021, 
EP, 04, 2021061712,   , BEST,   0, 139N,  989W,  20, 1009, DB,   0,    ,    0,    0,    0,    0, 1011,  130,  80,  30,   0,   E,   0,    ,   0,   0,     INVEST, S,  0,    ,    0,    0,    0,    0, genesis-num, 007, 
EP, 04, 2021061718,   , BEST,   0, 141N,  997W,  25, 1007, LO,   0,    ,    0,    0,    0,    0, 1011,  130,  80,  35,   0,   E,   0,    ,   0,   0,     INVEST, S,  0,    ,    0,    0,    0,    0, genesis-num, 007, 
EP, 04, 2021061800,   , BEST,   0, 144N, 1005W,  30, 1005, LO,   0,    ,    0,    0,    0,    0, 1010,  180,  90,  40,   0,   E,   0,    ,   0,   0,     INVEST, S,  0,    ,    0,    0,    0,    0, genesis-num, 007, 
EP, 04, 2021061806,   , BEST,   0, 146N, 1011W,  30, 1005, TD,   0,    ,    0,    0,    0,    0, 1010,  180,  90,  40,   0,   E,   0,    ,   0,   0,     NONAME, S,  0,    ,    0,    0,    0,    0, genesis-num, 007, TRANSITIONED, epA42021 to ep042021, 
EP, 04, 2021061812,   , BEST,   0, 149N, 1016W,  35, 1004, TS,  34, NEQ,  120,    0,    0,   60, 1009,  240,  30,  45,   0,   E,   0,    ,   0,   0,       FOUR, M,  0,    ,    0,    0,    0,    0, genesis-num, 007, DISSIPATED, ep042021 to ep942021, TRANSITIONED, epB42021 to ep042021, 
EP, 04, 2021061818,   , BEST,   0, 153N, 1021W,  40, 1000, TS,  34, NEQ,  140,    0,    0,   60, 1007,  150,  60,  50,   0,   E,   0,    ,   0,   0,    DOLORES, M,  0,    ,    0,    0,    0,    0, genesis-num, 007, 
EP, 04, 2021061900,   , BEST,   0, 159N, 1026W,  45,  998, TS,  34, NEQ,  120,    0,    0,   60, 1007,  150,  60,  55,   0,   E,   0,    ,   0,   0,    DOLORES, M, 12, NEQ,   60,    0,    0,   60, genesis-num, 007, 
EP, 04, 2021061906,   , BEST,   0, 168N, 1031W,  50,  995, TS,  34, NEQ,   90,   50,   30,   70, 1007,  150,  50,  60,   0,   E,   0,    ,   0,   0,    DOLORES, M, 12, NEQ,  150,   75,   30,   45, genesis-num, 007, 
EP, 04, 2021061906,   , BEST,   0, 168N, 1031W,  50,  995, TS,  50, NEQ,   50,    0,    0,    0, 1007,  150,  50,  60,   0,   E,   0,    ,   0,   0,    DOLORES, M, 12, NEQ,  150,   75,   30,   45, genesis-num, 007, 
EP, 04, 2021061912,   , BEST,   0, 178N, 1035W,  60,  990, TS,  34, NEQ,   80,   80,   50,   70, 1006,  120,  50,  75,   0,   E,   0,    ,   0,   0,    DOLORES, M,  0,    ,    0,    0,    0,    0, genesis-num, 007, 
EP, 04, 2021061912,   , BEST,   0, 178N, 1035W,  60,  990, TS,  50, NEQ,   50,   50,    0,    0, 1006,  120,  50,  75,   0,   E,   0,    ,   0,   0,    DOLORES, M,  0,    ,    0,    0,    0,    0, genesis-num, 007, 
EP, 04, 2021061918,   , BEST,   0, 196N, 1040W,  50,  997, TS,  34, NEQ,   50,   90,   60,   40, 1007,   90,  40,  60,   0,   E,   0,    ,   0,   0,    DOLORES, M,  0,    ,    0,    0,    0,    0, genesis-num, 007, 
EP, 04, 2021061918,   , BEST,   0, 196N, 1040W,  50,  997, TS,  50, NEQ,    0,   40,    0,    0, 1007,   90,  40,  60,   0,   E,   0,    ,   0,   0,    DOLORES, M,  0,    ,    0,    0,    0,    0, genesis-num, 007, 
EP, 04, 2021062000,   , BEST,   0, 214N, 1042W,  30, 1001, TD,   0,    ,    0,    0,    0,    0, 1006,   90,  40,  40,   0,   E,   0,    ,   0,   0,    DOLORES, M,  0,    ,    0,    0,    0,    0, genesis-num, 007, 
EP, 04, 2021062006,   , BEST,   0, 230N, 1038W,  20, 1008, DB,  34, NEQ,    0,    0,    0,    0, 1011,   90,  60,  30,   0,   E,   0,    ,   0,   0,    DOLORES, S,  0,    ,    0,    0,    0,    0, genesis-num, 007, 